Id,SalePrice
1461,123235.99
1462,153122.5
1463,178366.2
1464,185101.0
1465,201524.29
1466,181924.3
1467,171212.23
1468,175903.6
1469,181002.635
1470,118522.16
1471,199988.25
1472,95541.0
1473,97412.0
1474,157441.5
1475,139069.0
1476,372186.1
1477,262922.19
1478,305949.13
1479,236982.17
1480,476726.34
1481,313802.02
1482,206521.25
1483,171385.25
1484,175640.32
1485,164879.45
1486,209234.9
1487,317413.63
1488,255637.06
1489,207942.04
1490,201571.82
1491,185046.81
1492,102655.41
1493,176021.5
1494,295157.66
1495,309256.42
1496,229528.74
1497,204292.0
1498,154364.86866666665
1499,154769.94866666666
1500,153370.56
1501,173522.85
1502,153161.112
1503,292033.76
1504,240037.24
1505,216214.85
1506,193668.96
1507,213386.82
1508,197142.24
1509,159435.25
1510,146928.49
1511,146169.06
1512,169404.21
1513,150749.7
1514,159058.08
1515,192486.38
1516,157742.32
1517,150736.37
1518,128830.32
1519,231864.15
1520,139612.0
1521,141709.96
1522,172356.24
1523,111909.18
1524,119282.61
1525,129036.0
1526,126079.5
1527,91792.4
1528,127791.09
1529,139405.5
1530,168986.37
1531,135157.02
1532,107880.0
1533,129889.18
1534,119721.76
1535,164712.5
1536,111259.65
1537,82848.22
1538,185055.11
1539,223684.43
1540,125276.0
1541,160568.77
1542,150449.84
1543,232092.68
1544,82402.0
1545,101562.5
1546,118860.58
1547,141748.02
1548,134954.34
1549,112637.41
1550,151031.0
1551,120004.4
1552,160453.47
1553,142368.25
1554,110561.43
1555,173214.0
1556,105989.0
1557,129436.6
1558,99108.5
1559,126172.72
1560,159237.4
1561,166560.0
1562,128289.83
1563,119274.48
1564,164417.97
1565,151136.47
1566,213251.16
1567,80454.0
1568,211197.36
1569,138850.75
1570,115340.93
1571,131257.07
1572,149510.15
1573,246302.48
1574,138109.64
1575,218110.19
1576,207557.5
1577,202945.25
1578,154880.76
1579,143373.1
1580,190083.0
1581,135286.5
1582,128021.0
1583,354344.47
1584,236641.19
1585,138363.0
1586,68938.05
1587,98976.72
1588,150461.78
1589,107009.4
1590,138760.5
1591,106841.16
1592,126947.6
1593,115266.92
1594,141221.3
1595,133003.4
1596,235120.85
1597,163942.65
1598,175953.21
1599,209609.12
1600,198744.16
1601,64111.38
1602,112927.36
1603,97891.34
1604,279621.54
1605,256357.1
1606,173746.5
1607,176847.87
1608,210060.035
1609,196563.89
1610,152028.81
1611,148082.64
1612,149188.75
1613,168788.14
1614,127863.0
1615,83898.0
1616,80544.93
1617,82695.11
1618,130744.5
1619,129594.0
1620,173536.67
1621,138697.48
1622,148228.18
1623,311554.19
1624,215826.56
1625,121072.3
1626,179789.5
1627,192419.0
1628,290840.5
1629,174601.0
1630,350691.96
1631,231330.43
1632,253853.5
1633,162731.06333333335
1634,182674.5
1635,176133.72
1636,162759.1
1637,170477.38
1638,211155.8
1639,184800.5
1640,258361.68
1641,193600.0
1642,220727.16
1643,230663.67
1644,229288.33
1645,175766.31
1646,151379.74
1647,165285.3
1648,140350.57
1649,138230.5
1650,117440.0
1651,118159.58
1652,92882.0
1653,93705.0
1654,156017.0
1655,158479.9
1656,151838.22
1657,154982.0
1658,152124.4
1659,144352.74
1660,146867.5
1661,435877.68
1662,400826.85
1663,383817.26
1664,456273.38
1665,315471.25
1666,340249.51
1667,343253.68
1668,333310.45
1669,293396.43
1670,340268.14
1671,274277.17
1672,498911.09
1673,296904.28
1674,253986.59
1675,187829.18
1676,190445.14
1677,216542.8492857143
1678,445963.41
1679,371422.48
1680,326094.87
1681,261998.52
1682,299708.03
1683,178507.8
1684,168349.3
1685,169807.09
1686,168342.18
1687,163204.91666666666
1688,187180.2
1689,187833.8
1690,183007.3
1691,161100.65
1692,254203.7
1693,163978.63
1694,183941.5
1695,167828.2
1696,265904.55
1697,168252.82
1698,343816.69
1699,333441.43
1700,236937.02
1701,263722.93
1702,260465.84
1703,265537.04
1704,314844.5
1705,236062.8
1706,465098.05
1707,208269.025
1708,216870.23
1709,282455.25
1710,238201.94
1711,264175.06
1712,239019.38
1713,259893.59
1714,218861.1
1715,196960.5
1716,192533.6
1717,170232.46
1718,129804.04
1719,203596.57
1720,259717.14
1721,173237.19
1722,118393.75
1723,156299.5
1724,215532.14
1725,233420.5
1726,186366.85
1727,166062.29
1728,179639.79
1729,160057.39
1730,159140.1
1731,117107.0
1732,132016.83
1733,123325.47
1734,135306.5
1735,131889.6
1736,116435.75
1737,347385.77
1738,217545.77
1739,284717.69
1740,192335.52
1741,181307.92
1742,172976.0
1743,180250.0
1744,303528.26
1745,238259.17
1746,265773.55
1747,209941.99
1748,202589.94
1749,158288.77
1750,149946.74
1751,228906.9
1752,119794.47
1753,140047.7
1754,223959.5
1755,161372.5
1756,118070.14
1757,120206.82
1758,142172.76
1759,168446.0
1760,157018.21
1761,160886.11
1762,164141.94
1763,164320.0
1764,114633.91
1765,185057.59
1766,164163.5
1767,212271.0
1768,141121.5
1769,165753.72
1770,139646.0
1771,135960.34
1772,136038.59
1773,140989.84
1774,139340.55
1775,137625.8
1776,111384.66
1777,113393.0
1778,127641.75
1779,110519.97
1780,174051.0
1781,130865.53
1782,90968.82
1783,130184.06
1784,86437.26
1785,106767.7
1786,146787.28
1787,171457.95
1788,57050.26
1789,94574.31
1790,77088.98
1791,185778.37
1792,152393.75
1793,140934.5
1794,144556.8333333333
1795,141355.5
1796,112914.36
1797,130347.71
1798,116244.0
1799,112335.93
1800,124336.86
1801,132363.73
1802,165845.0
1803,152420.37
1804,140084.1
1805,135362.5
1806,120101.63
1807,159047.58
1808,116078.57
1809,127117.66
1810,151501.56
1811,117651.83
1812,117680.14
1813,123807.33
1814,93228.58
1815,60320.21
1816,91758.43
1817,116018.32
1818,136882.1
1819,118752.32
1820,73281.93
1821,117312.0
1822,161593.18
1823,64818.11
1824,123811.5
1825,136064.37
1826,98321.43
1827,105349.4
1828,136603.9
1829,112193.93
1830,158794.5
1831,176524.1
1832,129369.59
1833,159945.07
1834,142444.54
1835,182589.0
1836,127701.14
1837,97162.5
1838,137810.29
1839,77628.5
1840,166100.57
1841,150092.43
1842,91018.0
1843,143556.33
1844,133379.94
1845,141444.66
1846,146418.5
1847,140377.56
1848,57893.22
1849,111165.55
1850,129273.3
1851,144106.84
1852,134338.8
1853,135440.0
1854,168773.81
1855,142058.0
1856,222448.27
1857,137067.36
1858,144074.09
1859,120542.69
1860,155384.54
1861,121838.81
1862,285051.92
1863,285051.92
1864,285051.92
1865,321641.81
1866,331695.2
1867,246997.92
1868,330026.17
1869,195398.75
1870,267546.54
1871,237837.54
1872,165008.52
1873,230849.13
1874,140607.83
1875,209072.53
1876,198287.5
1877,214158.05
1878,209032.6
1879,132666.4
1880,137395.0
1881,235847.0
1882,263061.7
1883,199279.5
1884,224024.45
1885,261682.02
1886,303655.41
1887,201179.49
1888,290246.42
1889,159245.89
1890,131930.58
1891,144705.26
1892,113664.52
1893,129861.38
1894,132024.5
1895,148905.5
1896,131072.99
1897,127482.32
1898,104656.54
1899,125818.03
1900,139475.64
1901,159985.74
1902,144035.43
1903,233931.18
1904,134776.25
1905,167244.44
1906,146818.2
1907,208316.7
1908,120233.02
1909,136291.16
1910,126157.15
1911,187999.0
1912,272048.55
1913,156745.13
1914,63405.26
1915,320243.3
1916,77223.22
1917,256163.95
1918,136500.49666666667
1919,159502.17
1920,153414.11
1921,405799.47
1922,304537.21
1923,199964.85
1924,233524.4
1925,225423.67
1926,382783.18
1927,137032.33
1928,158379.86
1929,124992.0
1930,126862.63333333335
1931,141474.85
1932,134319.79
1933,170767.34
1934,184668.0
1935,174724.85
1936,192967.5
1937,179652.4
1938,165763.73
1939,253006.89
1940,201156.19
1941,175379.9
1942,181840.0
1943,191509.91
1944,306027.18
1945,357290.0
1946,158982.8
1947,306366.79
1948,151538.0
1949,242015.45
1950,180960.4
1951,274864.36
1952,237368.0
1953,164254.87
1954,208138.8
1955,125333.5
1956,279937.66
1957,161778.72
1958,322597.74
1959,139261.88
1960,118535.06
1961,117602.0
1962,96610.0
1963,109601.0
1964,116233.0
1965,150888.95
1966,154303.5
1967,280431.63
1968,401089.59
1969,381523.96
1970,433646.27
1971,430550.54
1972,358222.34
1973,274441.37
1974,313004.81
1975,446791.13
1976,278788.95
1977,348727.99
1978,347237.75
1979,341990.9
1980,192451.18
1981,341417.32
1982,237550.29
1983,224710.77
1984,171570.85
1985,206589.8
1986,219611.74
1987,187356.18
1988,179517.12
1989,186380.3
1990,222153.9
1991,216542.8492857143
1992,215150.91
1993,169282.07
1994,253296.73
1995,185304.0
1996,261342.78
1997,318417.27
1998,363639.97
1999,244587.6
2000,304664.12
2001,255574.25
2002,231203.78
2003,261671.96
2004,273509.57
2005,238888.16
2006,225123.85
2007,249622.72
2008,206716.5
2009,184046.25
2010,187233.6
2011,141735.87
2012,177082.9
2013,181435.0
2014,187393.5
2015,192773.9
2016,191422.0
2017,205600.28
2018,116500.83
2019,132378.9257142857
2020,124463.66
2021,116178.39
2022,178858.74
2023,148667.16
2024,223031.7
2025,376108.01
2026,184245.04
2027,149086.1
2028,153024.04
2029,174915.65
2030,283297.24
2031,254166.34
2032,282038.03
2033,281592.4
2034,163505.97
2035,209217.6
2036,193713.8
2037,201787.8
2038,313862.51
2039,195784.4
2040,408534.39
2041,278889.83
2042,209720.25
2043,166973.0
2044,175510.0
2045,232770.17
2046,135173.78
2047,154466.53
2048,134169.5
2049,135172.68
2050,169540.5
2051,99326.0
2052,129456.0
2053,144560.0
2054,68733.55
2055,150164.34
2056,122108.54
2057,130923.8
2058,214252.0
2059,143403.75
2060,155699.5
2061,169549.0
2062,134919.0
2063,107269.94
2064,136912.0
2065,128581.33
2066,170443.2
2067,126935.3
2068,134899.49
2069,90822.5
2070,106201.52
2071,91123.5
2072,135161.32
2073,134032.66
2074,189067.66
2075,145798.0
2076,126443.49
2077,145803.68
2078,131966.0
2079,131771.5
2080,116060.3
2081,121080.66
2082,134878.5
2083,144433.52
2084,108650.58
2085,127312.5
2086,130374.16
2087,124780.91
2088,123137.57
2089,92936.5
2090,139734.37
2091,128107.64
2092,138560.76
2093,145559.5
2094,143222.14
2095,156435.0
2096,88709.43
2097,93103.08
2098,152803.66
2099,55477.09
2100,113534.64
2101,135140.8
2102,158788.15
2103,97613.0
2104,137150.97
2105,127525.22
2106,80073.98
2107,253728.51
2108,123086.49
2109,120681.41
2110,120002.6
2111,150508.5
2112,134656.14
2113,125505.67
2114,115738.28
2115,150243.5
2116,110104.8
2117,153735.9
2118,125558.04
2119,103500.1
2120,110958.01
2121,113724.9
2122,85146.28
2123,97209.0
2124,211657.0
2125,137108.56
2126,167626.75
2127,153826.75
2128,126761.87
2129,90308.79
2130,148292.09
2131,181927.34
2132,113619.9
2133,111070.83
2134,120764.0
2135,96771.58
2136,92060.43
2137,117764.75
2138,137100.5
2139,148928.76
2140,136481.5
2141,133915.27333333335
2142,140938.3
2143,148331.25
2144,121921.69
2145,134867.6
2146,148552.94
2147,175406.37
2148,124927.93
2149,131973.5
2150,233939.3
2151,130181.0
2152,168584.5
2153,154422.0
2154,115544.66
2155,125914.11
2156,231796.24
2157,239764.0
2158,233309.05
2159,206786.0
2160,161357.98666666666
2161,260810.99
2162,465164.98
2163,341584.34
2164,263751.14
2165,169884.0
2166,146819.75
2167,210989.81
2168,202606.0
2169,193139.5
2170,222540.47
2171,148111.1
2172,142983.37
2173,150332.67
2174,244316.81
2175,308830.52
2176,323795.72
2177,258967.02
2178,229125.56
2179,144475.0
2180,216206.22
2181,188430.455
2182,228732.7
2183,194258.095
2184,141458.0
2185,118824.67
2186,154947.37
2187,141840.0
2188,158794.71
2189,168153.36
2190,86312.5
2191,86807.5
2192,100247.0
2193,96935.0
2194,95780.5
2195,116940.16
2196,101621.45
2197,108891.11
2198,149141.45
2199,171414.5
2200,120359.24
2201,129978.73
2202,182626.35
2203,173030.82
2204,166412.32
2205,115394.59
2206,135889.25
2207,215623.85
2208,221636.5
2209,185342.96
2210,123860.85333333333
2211,115387.0
2212,111808.54
2213,102025.0
2214,144684.0
2215,99060.23
2216,149243.0
2217,76188.26
2218,99680.3
2219,78438.5
2220,63418.72
2221,316629.06
2222,247954.18
2223,248188.06
2224,221089.93
2225,135226.25
2226,192568.74
2227,195879.1
2228,270451.04
2229,238668.17
2230,151044.6
2231,204772.01
2232,182016.0
2233,174349.24
2234,255787.3
2235,200118.5
2236,286202.07
2237,372447.38
2238,206445.32
2239,118394.5
2240,168050.0
2241,145295.77
2242,139517.0
2243,136315.2
2244,97746.5
2245,89435.5
2246,143475.02
2247,109081.0
2248,124889.0
2249,127679.0
2250,136226.1
2251,113592.61
2252,192332.0
2253,154544.19
2254,177093.53
2255,199685.0
2256,175539.25
2257,202015.25
2258,172261.45
2259,180767.0
2260,153172.5
2261,185247.8
2262,203703.18
2263,320749.68
2264,434195.43
2265,168630.58
2266,275138.51
2267,357157.77
2268,363134.92
2269,167858.88
2270,182750.85
2271,255881.0
2272,202283.62
2273,166322.0
2274,175322.8125
2275,176740.0
2276,157104.5
2277,198262.74
2278,163110.66
2279,118824.73
2280,113289.8
2281,173387.25
2282,177615.65
2283,94024.0
2284,111905.58
2285,148926.95
2286,127877.82
2287,331913.7
2288,261297.26
2289,391620.99
2290,419096.77
2291,305791.05
2292,389975.31
2293,455777.28
2294,393312.16
2295,417557.03
2296,289035.6
2297,299617.72
2298,293695.14
2299,394435.69
2300,322631.03
2301,265263.23
2302,230990.18
2303,247057.62
2304,248301.02
2305,186133.415
2306,186580.165
2307,188547.6825
2308,216940.32
2309,277914.03
2310,223066.86
2311,194972.26
2312,169975.81
2313,170628.39
2314,168236.8
2315,170691.05
2316,181579.43
2317,177030.17
2318,170704.8
2319,174836.06
2320,177783.56
2321,267414.0
2322,164282.17
2323,172233.89
2324,163818.08
2325,216522.6
2326,162480.92
2327,210715.0
2328,220617.05
2329,183073.5
2330,179906.7
2331,357715.78
2332,412826.42
2333,314748.05
2334,252609.49
2335,251806.58
2336,337276.24
2337,206176.59
2338,283835.85
2339,232521.62
2340,389266.41
2341,226507.16
2342,246869.83
2343,221392.35
2344,237046.83
2345,248822.41
2346,221319.25
2347,203840.54
2348,232633.71
2349,151592.28
2350,276779.61
2351,239601.58
2352,249754.51
2353,210489.9
2354,122883.5
2355,148600.63
2356,152115.72
2357,203846.79714285716
2358,197939.5
2359,123322.04
2360,120617.83333333331
2361,136704.5
2362,261825.95
2363,140760.6
2364,150982.33
2365,230807.46
2366,192135.87
2367,225861.26
2368,213570.84
2369,223439.48
2370,174580.0
2371,175191.85
2372,194465.85
2373,256928.42
2374,288630.18
2375,255824.0
2376,264399.06
2377,337849.06
2378,129991.71
2379,209526.94
2380,146039.22
2381,156823.69
2382,184756.8
2383,214927.27
2384,242570.68
2385,149478.0
2386,142145.33
2387,136316.5
2388,100943.85
2389,128973.17
2390,127785.51
2391,134263.83
2392,111612.08
2393,161003.31
2394,143189.0
2395,200582.0
2396,148867.5
2397,183669.24
2398,114515.86
2399,70768.22
2400,53937.32
2401,117945.91
2402,134136.0
2403,132377.82
2404,141038.41
2405,152732.87
2406,139320.5
2407,132010.0
2408,134974.0
2409,130813.5
2410,177732.48
2411,126562.08
2412,154034.5
2413,129948.09
2414,134567.08
2415,128094.75
2416,128296.26
2417,125124.68
2418,118821.5
2419,131516.03
2420,126093.24
2421,148510.0
2422,120283.08
2423,123458.12
2424,155345.59
2425,165892.1
2426,123471.35
2427,127051.59
2428,166643.63
2429,114614.83
2430,130330.5
2431,126341.23
2432,136656.75
2433,142791.0
2434,142358.68
2435,154315.42
2436,103350.0
2437,113628.33
2438,126682.66
2439,110782.16
2440,125362.0
2441,113512.8
2442,105721.0
2443,108896.29
2444,123779.8
2445,95756.19
2446,103634.37
2447,211793.79
2448,149984.57
2449,112124.58
2450,166425.84
2451,127375.91
2452,213965.09
2453,95835.26
2454,117938.53
2455,113561.43
2456,142744.52
2457,120818.74
2458,105261.33
2459,109926.64
2460,148305.0
2461,114001.34
2462,128884.59
2463,115032.83
2464,172895.8
2465,127683.33
2466,118063.76
2467,155245.65
2468,99541.69
2469,102370.38
2470,180278.22
2471,223460.25
2472,187088.7
2473,117207.67
2474,107736.64
2475,228524.0
2476,121997.04
2477,132561.0
2478,173304.5
2479,121481.66
2480,127859.14
2481,128752.0
2482,133490.0
2483,116323.0
2484,119820.0
2485,122179.5
2486,150713.9
2487,192288.46
2488,148754.35
2489,153096.52
2490,148299.5
2491,94394.55
2492,179386.91
2493,135050.81
2494,163762.0
2495,101792.85
2496,218399.86
2497,148620.5
2498,113948.79
2499,97616.4
2500,127841.83
2501,129625.54
2502,153109.68
2503,104972.04
2504,188013.08
2505,214717.89
2506,258374.63
2507,330278.46
2508,257798.68
2509,216364.56
2510,233131.04
2511,188480.59
2512,222271.24
2513,217345.56
2514,228764.87
2515,147091.0
2516,155556.81
2517,138975.09
2518,146095.0
2519,232044.88
2520,211108.15
2521,198400.75
2522,229665.72
2523,129251.0
2524,139948.83
2525,145071.93
2526,143902.97
2527,118155.64
2528,125545.5
2529,134536.0
2530,109181.43
2531,249456.88
2532,235581.98
2533,204384.66
2534,246268.9
2535,302212.15
2536,226776.85
2537,222841.24
2538,184497.46
2539,187290.35
2540,175091.78
2541,175616.76
2542,147843.78
2543,129511.58
2544,133300.66
2545,126327.51
2546,145490.0
2547,144473.50000000003
2548,141107.35
2549,160478.33
2550,436412.78
2551,142358.19
2552,122172.82
2553,86807.5
2554,119727.92
2555,101005.0
2556,98205.64
2557,118726.0
2558,160951.53
2559,130323.18
2560,126266.87
2561,133332.54
2562,120291.87
2563,139232.95
2564,159806.85
2565,114483.11
2566,138556.66
2567,134824.0
2568,174976.0
2569,173741.0
2570,123404.02
2571,156698.31
2572,190497.4
2573,239903.3
2574,292877.2
2575,126152.64
2576,133721.7
2577,168914.68
2578,91664.3
2579,65741.66
2580,137250.0
2581,140496.9
2582,120889.0
2583,265355.79
2584,162196.09
2585,178536.47
2586,208865.81
2587,218967.91
2588,146362.33
2589,145979.40000000002
2590,236118.7
2591,198339.02
2592,240060.39
2593,245082.51
2594,175784.2
2595,207883.87
2596,349472.28
2597,180717.0
2598,264047.34
2599,307077.46
2600,141729.7
2601,126052.8
2602,82350.0
2603,90124.0
2604,82162.5
2605,80305.04
2606,142326.7033333333
2607,176677.13
2608,198285.0
2609,167672.48
2610,110697.66
2611,149512.5
2612,155319.23
2613,124676.0
2614,126719.0
2615,151180.09
2616,138914.0
2617,173081.48
2618,179693.37
2619,232532.36
2620,189104.0
2621,182209.8
2622,188113.7
2623,253256.56
2624,273565.41
2625,301040.86
2626,166179.19
2627,184261.9
2628,412602.35
2629,519643.68
2630,332293.63
2631,438788.96
2632,401170.54
2633,309419.04
2634,370194.49
2635,148043.6
2636,195028.85
2637,152665.0
2638,261551.23
2639,182948.9
2640,151103.5
2641,114659.08
2642,198002.5
2643,110384.26
2644,130839.91
2645,93573.0
2646,93585.0
2647,102293.5
2648,139681.0
2649,140030.09
2650,150495.85
2651,156128.77
2652,435765.12
2653,257393.55
2654,244129.23
2655,375984.14
2656,315124.12
2657,329868.7
2658,272883.43
2659,293175.07
2660,316574.89
2661,346713.12
2662,358152.09
2663,295739.02
2664,279235.46
2665,311329.78
2666,286001.69
2667,166048.45
2668,173267.5
2669,172550.18
2670,284682.61
2671,174957.3
2672,187227.2225
2673,204176.27
2674,205465.11
2675,169160.62
2676,187956.25
2677,206156.5
2678,256858.08
2679,291298.13
2680,272595.13
2681,414139.53
2682,340940.79
2683,500060.09
2684,303917.67
2685,356183.9
2686,265356.78
2687,323934.33
2688,222944.58
2689,212296.09
2690,498205.0
2691,180257.25
2692,123653.25
2693,190975.75
2694,123950.82
2695,192365.135
2696,187271.27
2697,190370.15
2698,198002.0
2699,177507.96
2700,166580.79
2701,147867.14
2702,119874.0
2703,134783.61
2704,145739.75
2705,128725.98
2706,117354.5
2707,121214.5
2708,132574.5
2709,114667.33
2710,124971.83
2711,263527.96
2712,378991.3
2713,176996.9
2714,149907.13333333333
2715,172726.85
2716,152441.112
2717,177503.35
2718,237337.86
2719,155407.66
2720,158520.41
2721,142034.5
2722,148169.85
2723,145714.66666666666
2724,127899.0
2725,134636.0
2726,141280.5
2727,170729.0
2728,164372.32
2729,149865.67
2730,140033.18
2731,114588.36
2732,114475.43
2733,162305.59
2734,134228.5
2735,132587.5
2736,139060.14
2737,124247.5
2738,136086.61
2739,156430.46
2740,136569.43
2741,148231.5
2742,150663.0
2743,146174.0
2744,148144.95
2745,141256.0
2746,132874.55
2747,150173.28
2748,118020.65
2749,131474.0
2750,129952.6
2751,125367.83
2752,215684.77
2753,152083.92
2754,194935.74
2755,125356.71
2756,74391.22
2757,69842.61
2758,71346.53
2759,162541.72
2760,145363.06
2761,146052.25
2762,149983.12
2763,217082.44
2764,157697.35
2765,264863.79
2766,143023.55
2767,92546.3
2768,129028.35
2769,137484.0
2770,153330.0
2771,120648.23
2772,123354.0
2773,133391.28
2774,135652.06
2775,141919.84
2776,148188.32
2777,155183.0
2778,126986.5
2779,108456.32
2780,113009.3
2781,102339.06
2782,90060.93
2783,91627.38
2784,131151.33
2785,131447.0
2786,60270.49
2787,115440.76
2788,80659.26
2789,230112.89
2790,91351.54
2791,117462.5
2792,86300.15
2793,166665.58
2794,99626.62
2795,120585.78
2796,99922.06
2797,186867.84
2798,125858.41
2799,117476.2
2800,84611.86
2801,114257.8
2802,132950.93
2803,171174.92
2804,134091.83
2805,99656.5
2806,104341.56
2807,154532.89
2808,149260.37
2809,128558.41
2810,137140.0
2811,156960.27
2812,148233.6
2813,147600.47
2814,167885.24
2815,107786.8
2816,246020.66
2817,122344.1
2818,123591.02
2819,178983.9
2820,130375.34
2821,111844.18
2822,168115.8
2823,224329.98
2824,178515.5
2825,143460.34
2826,130868.2
2827,144437.5
2828,213785.44
2829,180991.5
2830,228390.37
2831,192217.55
2832,216439.98
2833,274386.63
2834,219307.12
2835,217801.68
2836,193874.9
2837,163577.0
2838,146879.6
2839,181318.7
2840,198477.15
2841,209217.28
2842,223112.04
2843,149685.09
2844,163247.0
2845,125572.33
2846,213663.81
2847,202718.0
2848,209822.01
2849,217643.7
2850,292554.74
2851,232709.42
2852,230197.76
2853,234391.38
2854,138873.6
2855,196033.29
2856,216826.91
2857,189615.25
2858,201283.05
2859,136849.96
2860,125269.0
2861,143051.43
2862,199114.75
2863,120335.0
2864,257547.35
2865,142777.76
2866,135691.0
2867,74282.37
2868,124883.07
2869,123121.26
2870,161852.32
2871,110834.14
2872,55349.32
2873,107277.06
2874,141062.02
2875,127738.16
2876,159273.3
2877,146414.04
2878,151855.5
2879,149704.84
2880,118990.5
2881,137252.56
2882,149269.0
2883,165031.0
2884,169866.83
2885,163002.22
2886,184363.9
2887,112224.5
2888,125326.33
2889,67089.93
2890,71910.11
2891,136887.0
2892,62870.11
2893,107007.25
2894,52873.0
2895,309188.16
2896,287451.31
2897,189310.0
2898,159020.75
2899,226372.72
2900,158756.35
2901,172313.24
2902,183512.32
2903,334273.37
2904,356986.61
2905,107570.8
2906,201125.26
2907,117961.32
2908,126598.5
2909,140934.6
2910,81692.83
2911,82350.0
2912,149656.11
2913,84509.11
2914,80161.93
2915,80544.93
2916,82712.0
2917,158078.79
2918,106435.0
2919,233836.68
